100 2
-0.896768 -0.399005 
-0.193786 0.911745 
-0.262224 -0.978642 
-0.223593 0.927655 
-0.627254 -0.803524 
-0.904398 0.522856 
0.671403 0.656209 
0.988289 -0.445859 
-0.173595 -0.90238 
-0.893821 0.340858 
0.867416 0.445346 
-0.953029 -0.254695 
-0.896754 0.246344 
-0.951106 -0.178422 
-1.045862 0.292097 
0.070546 1.020019 
-0.861798 -0.223638 
-1.009552 -0.078073 
-0.308155 0.94288 
-0.276785 -1.042257 
-0.54644 0.783038 
-0.522935 -0.824072 
0.412512 -0.767898 
0.624876 0.721748 
-0.057078 -1.092708 
-0.322402 0.976338 
0.83737 0.319671 
0.903304 -0.48131 
1.093622 0.043674 
-0.729415 0.668246 
0.803555 0.730631 
0.693923 -0.719616 
0.849052 -0.539604 
0.839242 0.305351 
0.695612 -0.572451 
0.323608 0.962176 
0.082919 -0.921603 
-0.446682 -0.850083 
-0.50259 -0.939476 
0.82421 -0.438124 
0.868727 0.438773 
0.094292 -0.986938 
-0.302407 -0.997645 
0.948015 -0.218431 
-0.732464 0.681748 
0.376574 0.802645 
1.019676 0.120169 
-0.391824 -0.989923 
0.486906 0.743935 
-0.784597 -0.653896 
0.313195 -0.937021 
-0.614075 -0.666427 
0.592692 0.697809 
-0.79404 -0.513782 
0.865031 -0.397963 
-0.536297 0.852376 
0.841896 -0.474163 
0.100286 0.936737 
-1.02998 0.039731 
0.931997 -0.05879 
0.88168 0.346826 
0.166524 0.943177 
0.054112 0.944721 
-0.339632 0.950205 
-0.584434 -0.810703 
0.268059 0.894559 
-0.536365 0.697352 
-0.089981 -0.909372 
-0.468761 -0.969672 
1.05401 -0.001333 
-0.33037 -0.971055 
-1.032747 -0.03354 
0.985323 0.378032 
1.022396 0.265756 
0.354879 0.975708 
-0.879244 0.305788 
-0.088978 -0.993333 
0.405088 -0.850245 
0.279633 -0.941194 
-0.797085 -0.611031 
1.072267 0.010594 
-0.87845 0.29911 
-0.249801 0.873082 
0.64571 -0.720833 
0.540741 0.866485 
-0.495867 -0.974751 
0.476991 0.753668 
-0.582116 0.828104 
-0.244802 1.080794 
0.850637 -0.501565 
0.9392 -0.19908 
0.794058 -0.614975 
0.380152 0.963304 
1.067391 -0.318721 
-0.801286 0.570149 
0.564133 -0.789846 
0.72162 0.683553 
0.960643 -0.3192 
0.311525 -1.058389 
0.704588 -0.709547 
