100 2
0.5594 0.343906 
-0.267831 -0.819861 
0.709546 0.10772 
-0.292062 -0.376245 
-0.644889 0.137964 
0.418477 -0.327406 
-0.12329 -0.432603 
0.93765 -0.640482 
-0.737396 -0.944864 
-0.438936 0.334739 
-0.064349 -0.51956 
0.537912 -0.18733 
-0.451059 -0.563377 
0.522238 -0.391477 
-0.464466 0.706824 
-0.242149 0.212355 
-0.55049 0.883035 
0.510563 0.117535 
0.300923 -0.063689 
0.716028 -0.64951 
-0.348248 -0.324016 
0.659151 0.173866 
0.834572 0.942111 
0.135911 -0.321341 
-0.755777 -0.933671 
0.310238 0.471131 
0.065352 -0.795046 
0.90762 -0.670843 
0.991838 -0.949366 
0.381886 -0.076142 
-0.11679 0.609269 
0.879915 0.346784 
-0.905304 0.209006 
0.063389 0.824857 
-0.888878 0.703888 
0.193352 0.24852 
-0.750721 -0.783867 
0.690321 -0.804347 
0.674985 -0.485129 
-0.919009 -0.490787 
-0.062776 -0.544883 
0.763518 0.094575 
0.706795 0.342652 
0.96127 0.225217 
-0.375166 -0.246218 
0.173707 0.846425 
-0.024184 0.311979 
-0.694497 0.501164 
-0.154088 -0.799092 
-0.61027 0.15166 
0.802292 0.094863 
0.630893 -0.663709 
-0.136841 -0.599001 
-0.59325 0.391719 
-0.949273 -0.846034 
0.344706 0.242588 
0.916866 0.247537 
0.243993 -0.625506 
-0.488478 -0.325998 
-0.980917 0.608235 
-0.042517 -0.828493 
-0.217529 -0.360836 
0.250186 -0.55278 
-0.307751 -0.153205 
0.651171 -0.026163 
0.198043 -0.526267 
-0.356843 0.856516 
0.750103 0.906282 
-0.682623 0.579508 
0.008621 0.554764 
-0.688994 -0.436235 
-0.500126 -0.327476 
0.054359 -0.430855 
0.05729 -0.864869 
0.180006 0.708644 
0.466879 0.991801 
-0.735424 0.024767 
0.824036 -0.434956 
0.790789 0.261447 
-0.610215 -0.274341 
0.989854 -0.742983 
0.442176 -0.562712 
-0.30236 0.732871 
-0.866542 -0.228369 
0.140828 -0.92665 
-0.67998 0.699765 
-0.156339 -0.781133 
0.363036 0.698904 
-0.27434 -0.924657 
-0.922306 0.325564 
0.976113 0.495582 
0.888627 -0.290717 
0.175558 -0.707111 
-0.963789 0.931614 
0.414246 -0.570339 
-0.849489 -0.210533 
-0.106995 -0.607903 
0.949925 -0.097326 
-0.78645 -0.845 
0.876678 -0.099361 
