100 2
1.016433 -0.046672 
0.946083 0.085767 
0.97239 0.071752 
1.075804 0.314499 
1.005404 0.320959 
0.9055 0.702269 
0.740142 0.664914 
0.911176 0.923301 
0.808309 0.75504 
0.838544 0.844155 
0.682968 1.043779 
0.843061 0.950941 
0.621729 0.948751 
0.763589 0.96007 
0.706423 0.951262 
0.519918 0.948529 
0.53687 0.935055 
0.518714 0.868578 
0.335756 0.80507 
0.364475 0.657331 
0.397559 0.540202 
0.227858 0.447926 
0.150623 0.393493 
0.063828 0.210597 
0.110725 0.127961 
-0.147707 0.080915 
-0.162048 -0.229803 
-0.116292 -0.397511 
-0.127241 -0.457993 
-0.429412 -0.657956 
-0.411106 -0.644686 
-0.480811 -0.690707 
-0.378466 -0.792511 
-0.49952 -0.889579 
-0.592061 -0.952903 
-0.602858 -0.997674 
-0.563899 -0.975656 
-0.816124 -1.090784 
-0.721832 -0.939 
-0.870284 -0.963189 
-0.881119 -1.049891 
-0.865641 -1.012498 
-0.856026 -0.863253 
-0.971058 -1.045899 
-0.912561 -0.717778 
-0.799785 -0.63866 
-0.959867 -0.465246 
-1.075365 -0.201454 
-0.953698 -0.343615 
-1.016119 -0.15522 
-0.985293 -0.010687 
-1.054329 -0.07146 
-1.107037 0.148897 
-0.967675 0.21237 
-0.906067 0.500043 
-0.855344 0.61659 
-0.972235 0.753807 
-0.951622 0.731083 
-0.897887 0.878503 
-0.930168 0.805432 
-0.844377 0.848942 
-0.949552 0.938149 
-0.806519 0.910407 
-0.774107 1.044595 
-0.642253 1.014831 
-0.516837 0.751414 
-0.504061 0.836844 
-0.453991 0.903267 
-0.383563 0.717872 
-0.351841 0.82573 
-0.227978 0.544597 
-0.142168 0.52516 
-0.221295 0.272079 
-0.148775 0.296564 
0.012088 0.02122 
-0.011742 0.109351 
0.181672 -0.259656 
0.027916 -0.113177 
0.193967 -0.513218 
0.222563 -0.559596 
0.280437 -0.680141 
0.36844 -0.654445 
0.342433 -0.845218 
0.545262 -0.781853 
0.451241 -0.845335 
0.4642 -0.946677 
0.743871 -0.942763 
0.594465 -0.974039 
0.714054 -0.869526 
0.700485 -1.045438 
0.790599 -1.040625 
0.742502 -0.835328 
0.814427 -0.871215 
0.902216 -0.71299 
0.96229 -0.610658 
0.930027 -0.598955 
0.983635 -0.541483 
0.959554 -0.329915 
0.978384 -0.397624 
0.813695 -0.072488 
