100 2
-0.311243 0.464818 
0.113824 -0.24244 
0.553136 0.444405 
-0.208129 0.204897 
0.417392 0.491595 
-0.195599 0.369951 
-0.1124 0.050663 
-0.595491 -0.724278 
0.693589 -0.250376 
-0.222817 0.378176 
-0.063864 -0.007889 
0.206379 0.496746 
-0.415767 -0.174907 
-0.405464 0.329138 
-0.124462 -0.44748 
0.056742 0.235407 
0.408402 -0.369115 
0.377553 0.343697 
0.277148 0.117233 
-0.422652 -0.577981 
-0.156179 0.311263 
0.303425 0.585161 
0.779972 -0.296906 
-0.058902 0.122484 
0.691086 -0.305939 
-0.305148 0.055966 
0.018251 -0.062752 
-0.433028 -0.797659 
0.942065 -0.310252 
0.339011 0.175809 
-0.090329 -0.07403 
-0.50271 0.722172 
0.230611 0.875439 
0.028727 -0.056506 
-0.253948 -0.85183 
0.001798 0.193344 
0.158544 -0.733789 
0.23117 -0.650464 
-0.67204 0.062975 
-0.917469 0.05317 
-0.060296 -0.01747 
0.632635 0.427473 
-0.38861 0.590374 
0.149082 0.949639 
0.008915 0.37506 
0.09892 -0.14279 
-0.009181 0.022373 
-0.694479 -0.005079 
0.046779 -0.146815 
0.353539 0.497433 
0.663949 0.450383 
-0.325544 -0.540414 
-0.111209 -0.079736 
-0.461165 0.373192 
0.538662 -0.781641 
0.016047 0.344332 
0.01419 0.916756 
-0.171979 -0.173077 
-0.224489 0.433838 
-0.762697 -0.616841 
0.020129 -0.03745 
-0.139537 0.166879 
-0.236554 -0.081456 
0.175841 0.252568 
0.642392 0.106562 
-0.195352 -0.032537 
0.221388 -0.279865 
0.623771 -0.41661 
-0.5992 -0.327007 
-0.008116 -0.002908 
-0.634431 0.26872 
-0.233958 0.442029 
-0.049309 0.02288 
0.037852 -0.043005 
-0.04625 -0.173963 
0.466259 -0.024041 
0.726538 0.113982 
-0.756173 0.327471 
-0.056828 0.788744 
-0.092961 0.603093 
-0.04363 -0.988892 
-0.408291 -0.169757 
-0.032478 -0.300611 
0.117412 0.858551 
0.126135 -0.06263 
-0.21108 -0.646389 
0.030388 -0.153358 
-0.114559 -0.344487 
0.244169 -0.125075 
-0.42163 0.82029 
-0.975737 0.027094 
-0.22487 0.859704 
-0.046738 -0.169222 
0.876178 -0.401499 
-0.374444 -0.177176 
0.208502 0.823504 
-0.083333 -0.067109 
0.777777 0.545362 
0.44205 -0.650457 
0.71131 0.512448 
