100 2
-0.626312 0.551224 
0.391507 -0.771284 
0.868257 0.981096 
-0.676111 0.555521 
0.727841 0.43985 
-0.519717 0.674803 
-0.92708 0.349282 
-0.517883 -1.241264 
0.848417 0.029158 
-0.452763 1.081043 
-0.984414 -0.090417 
0.316428 1.192427 
-0.865374 -0.613299 
-0.711117 0.891364 
-0.326025 -1.195661 
0.20406 1.093232 
0.673078 -0.945767 
0.803305 0.417892 
0.958609 0.540039 
-0.679777 -1.165218 
-0.492001 1.067921 
0.377933 1.217325 
0.830256 -0.773044 
-0.416399 0.833252 
1.008877 -0.026912 
-0.944814 0.025278 
0.287437 -0.992889 
-0.590556 -1.332657 
0.825837 0.183113 
0.935463 0.651313 
-0.758835 -0.692272 
-0.461328 0.380772 
0.367896 1.419663 
0.461113 -0.85972 
-0.174585 -0.513882 
-0.014868 1.096633 
0.305029 -1.352806 
0.248583 -0.597103 
-0.911265 -0.244194 
-0.883449 0.51736 
-0.952652 -0.309673 
0.924018 0.941632 
-0.46147 0.481886 
0.034929 0.507266 
0.070658 0.812135 
0.591178 -0.735163 
-0.376632 0.913037 
-1.086785 0.339935 
0.284324 -1.029848 
0.655599 1.120238 
0.927851 0.160224 
-0.594867 -1.172032 
-0.829796 -0.651116 
-0.703198 0.332438 
0.686106 -1.298046 
0.003465 0.826563 
-0.099132 1.458313 
-0.735352 -0.587357 
-0.398509 1.132381 
-0.900149 -0.138382 
0.478751 -0.85957 
-0.61427 0.87592 
-0.914241 -0.450674 
0.609844 0.974565 
1.067915 0.489232 
-1.011167 -0.06527 
0.665011 -0.605859 
0.737818 -0.930456 
-0.963118 -0.820356 
-0.940304 -0.333033 
-1.006932 0.04552 
-0.405282 1.133899 
-0.913897 0.448089 
0.653534 -0.722009 
-0.234433 -1.056432 
1.057033 -0.284932 
1.079844 0.5227 
-1.02065 0.809417 
-0.170711 1.392809 
-0.228618 1.293435 
-0.167809 -0.504101 
-0.868097 -0.605002 
-0.06962 -1.145394 
0.243813 0.557507 
0.878062 -0.515143 
-0.395419 -0.610609 
0.174827 -0.902759 
-0.270179 -1.130424 
0.924318 -0.593081 
-0.572436 0.428238 
-0.877601 -0.460299 
-0.364132 0.523139 
-0.288173 -1.051689 
0.788624 -0.898478 
-0.955698 -0.220584 
0.35163 1.394156 
-0.79222 -0.573718 
0.700037 0.099149 
0.66039 -0.433856 
0.920954 1.022873 
