   1.0000000e+00   9.5714399e-01  -7.0600557e-01  -6.9604317e-01  -5.8286623e-01  -6.5438895e-01  -4.6557864e-01  -1.1013793e-01  -8.4176594e-01  -8.2407998e-01  -6.8821922e-01  -5.8025214e-01  -2.7402723e-01  -7.4498588e-01   4.6249735e-01   6.8734214e-01
   9.5714399e-01   1.0000000e+00  -4.8753840e-01  -4.9243270e-01  -3.8666878e-01  -4.9569283e-01  -3.7037306e-01  -3.9316569e-01  -8.9775052e-01  -8.7116133e-01  -7.5056927e-01  -6.8386813e-01  -4.7206725e-01  -8.9539851e-01   3.0614466e-01   4.5136430e-01
  -7.0600557e-01  -4.8753840e-01   1.0000000e+00   9.9234424e-01   9.5261367e-01   9.2598323e-01   7.3568615e-01  -5.6045453e-01   2.6490208e-01   2.5903417e-01   9.6129974e-02  -7.0890061e-02  -4.5533888e-01   5.4754803e-02  -4.2153923e-01  -9.0983066e-01
  -6.9604317e-01  -4.9243270e-01   9.9234424e-01   1.0000000e+00   9.8024625e-01   9.6545509e-01   8.1355301e-01  -5.0905237e-01   2.2312361e-01   2.0973279e-01   3.1452714e-02  -1.3162752e-01  -4.9335468e-01   5.3828989e-02  -3.0872161e-01  -8.5187830e-01
  -5.8286623e-01  -3.8666878e-01   9.5261367e-01   9.8024625e-01   1.0000000e+00   9.8641238e-01   8.9659211e-01  -5.0839339e-01   5.9476789e-02   3.9062398e-02  -1.5009496e-01  -3.0480958e-01  -6.2117531e-01  -6.0884042e-02  -1.2969154e-01  -7.4525373e-01
  -6.5438895e-01  -4.9569283e-01   9.2598323e-01   9.6545509e-01   9.8641238e-01   1.0000000e+00   9.3528198e-01  -3.6003466e-01   1.4265497e-01   1.1366012e-01  -8.8680878e-02  -2.3490268e-01  -5.3136090e-01   6.9699385e-02  -5.9647506e-02  -6.8771142e-01
  -4.6557864e-01  -3.7037306e-01   7.3568615e-01   8.1355301e-01   8.9659211e-01   9.3528198e-01   1.0000000e+00  -1.8442492e-01  -5.9827633e-02  -1.0466090e-01  -3.1401673e-01  -4.2294341e-01  -5.9583639e-01  -3.2517900e-03   2.9743800e-01  -3.8851407e-01
  -1.1013793e-01  -3.9316569e-01  -5.6045453e-01  -5.0905237e-01  -5.0839339e-01  -3.6003466e-01  -1.8442492e-01   1.0000000e+00   3.9694854e-01   3.6043570e-01   3.7355953e-01   4.8655446e-01   7.3307932e-01   7.0174294e-01   4.3739429e-01   6.3646646e-01
  -8.4176594e-01  -8.9775052e-01   2.6490208e-01   2.2312361e-01   5.9476789e-02   1.4265497e-01  -5.9827633e-02   3.9694854e-01   1.0000000e+00   9.9785569e-01   9.6484323e-01   9.2747411e-01   7.3695513e-01   9.2342769e-01  -5.6710477e-01  -4.1214398e-01
  -8.2407998e-01  -8.7116133e-01   2.5903417e-01   2.0973279e-01   3.9062398e-02   1.1366012e-01  -1.0466090e-01   3.6043570e-01   9.9785569e-01   1.0000000e+00   9.7700677e-01   9.3895786e-01   7.4179451e-01   9.0104508e-01  -6.1482984e-01  -4.3116223e-01
  -6.8821922e-01  -7.5056927e-01   9.6129974e-02   3.1452714e-02  -1.5009496e-01  -8.8680878e-02  -3.1401673e-01   3.7355953e-01   9.6484323e-01   9.7700677e-01   1.0000000e+00   9.8570460e-01   8.3110573e-01   8.5622989e-01  -6.5877368e-01  -3.3697782e-01
  -5.8025214e-01  -6.8386813e-01  -7.0890061e-02  -1.3162752e-01  -3.0480958e-01  -2.3490268e-01  -4.2294341e-01   4.8655446e-01   9.2747411e-01   9.3895786e-01   9.8570460e-01   1.0000000e+00   9.1244181e-01   8.6216636e-01  -5.7208695e-01  -1.7676168e-01
  -2.7402723e-01  -4.7206725e-01  -4.5533888e-01  -4.9335468e-01  -6.2117531e-01  -5.3136090e-01  -5.9583639e-01   7.3307932e-01   7.3695513e-01   7.4179451e-01   8.3110573e-01   9.1244181e-01   1.0000000e+00   7.9966863e-01  -2.6028821e-01   2.4085536e-01
  -7.4498588e-01  -8.9539851e-01   5.4754803e-02   5.3828989e-02  -6.0884042e-02   6.9699385e-02  -3.2517900e-03   7.0174294e-01   9.2342769e-01   9.0104508e-01   8.5622989e-01   8.6216636e-01   7.9966863e-01   1.0000000e+00  -2.1328297e-01  -9.3529758e-02
   4.6249735e-01   3.0614466e-01  -4.2153923e-01  -3.0872161e-01  -1.2969154e-01  -5.9647506e-02   2.9743800e-01   4.3739429e-01  -5.6710477e-01  -6.1482984e-01  -6.5877368e-01  -5.7208695e-01  -2.6028821e-01  -2.1328297e-01   1.0000000e+00   7.5772706e-01
   6.8734214e-01   4.5136430e-01  -9.0983066e-01  -8.5187830e-01  -7.4525373e-01  -6.8771142e-01  -3.8851407e-01   6.3646646e-01  -4.1214398e-01  -4.3116223e-01  -3.3697782e-01  -1.7676168e-01   2.4085536e-01  -9.3529758e-02   7.5772706e-01   1.0000000e+00

