   1.0000000e+00   9.8688040e-01  -2.1625705e-01  -9.9868823e-01  -6.4334752e-01   1.9754498e-01  -8.3282334e-01   9.0117977e-01   9.2635599e-01   8.3981913e-01   9.7505755e-01   6.6898110e-01  -4.0955399e-01  -9.9437733e-01  -8.3854071e-01  -2.8567707e-01
   9.8688040e-01   1.0000000e+00  -3.7104633e-01  -9.9288994e-01  -5.1140250e-01   3.5311128e-01  -9.0997623e-01   8.1950560e-01   8.5339222e-01   7.4131852e-01   9.2664841e-01   5.4020426e-01  -5.5140023e-01  -9.6569749e-01  -7.3967008e-01  -1.2859143e-01
  -2.1625705e-01  -3.7104633e-01   1.0000000e+00   2.5993716e-01  -6.0795963e-01  -9.9941044e-01   7.1191860e-01   2.2772423e-01   1.6737039e-01   3.4766904e-01   4.3024293e-03   5.8090819e-01   9.7855651e-01   1.2013882e-01  -3.4978491e-01  -8.6435916e-01
  -9.9868823e-01  -9.9288994e-01   2.5993716e-01   1.0000000e+00   6.0863447e-01  -2.4071259e-01   8.5865958e-01  -8.8105852e-01  -9.0805569e-01  -8.1500276e-01  -9.6321220e-01  -6.3432278e-01   4.5095161e-01   9.8972016e-01   8.1220733e-01   2.3926608e-01
  -6.4334752e-01  -5.1140250e-01  -6.0795963e-01   6.0863447e-01   1.0000000e+00   6.2339564e-01   1.2136215e-01  -9.1153471e-01  -8.8402666e-01  -9.5580683e-01  -7.9529989e-01  -9.9874173e-01  -4.3315712e-01   7.1512105e-01   9.5500917e-01   9.0636040e-01
   1.9754498e-01   3.5311128e-01  -9.9941044e-01  -2.4071259e-01   6.2339564e-01   1.0000000e+00  -6.9544896e-01  -2.4676689e-01  -1.8588969e-01  -3.6611957e-01  -2.2574708e-02  -5.9568664e-01  -9.7307970e-01  -9.9987227e-02   3.6653742e-01   8.6916943e-01
  -8.3282334e-01  -9.0997623e-01   7.1191860e-01   8.5865958e-01   1.2136215e-01  -6.9544896e-01   1.0000000e+00  -5.1697698e-01  -5.6583684e-01  -4.0694288e-01  -6.8941132e-01  -1.5105841e-01   8.4120413e-01   7.7933278e-01   3.9905781e-01  -2.9220449e-01
   9.0117977e-01   8.1950560e-01   2.2772423e-01  -8.8105852e-01  -9.1153471e-01  -2.4676689e-01  -5.1697698e-01   1.0000000e+00   9.9771422e-01   9.9213096e-01   9.7349751e-01   9.2426025e-01   2.4664502e-02  -9.3913865e-01  -9.9046228e-01  -6.6495882e-01
   9.2635599e-01   8.5339222e-01   1.6737039e-01  -9.0805569e-01  -8.8402666e-01  -1.8588969e-01  -5.6583684e-01   9.9771422e-01   1.0000000e+00   9.8199072e-01   9.8638546e-01   8.9966830e-01  -3.5898707e-02  -9.5753711e-01  -9.8182121e-01  -6.2259593e-01
   8.3981913e-01   7.4131852e-01   3.4766904e-01  -8.1500276e-01  -9.5580683e-01  -3.6611957e-01  -4.0694288e-01   9.9213096e-01   9.8199072e-01   1.0000000e+00   9.3759015e-01   9.6433304e-01   1.4917674e-01  -8.8899220e-01  -9.9826732e-01  -7.5026563e-01
   9.7505755e-01   9.2664841e-01   4.3024293e-03  -9.6321220e-01  -7.9529989e-01  -2.2574708e-02  -6.8941132e-01   9.7349751e-01   9.8638546e-01   9.3759015e-01   1.0000000e+00   8.1641670e-01  -1.9748855e-01  -9.8988878e-01  -9.3830981e-01  -4.9119479e-01
   6.6898110e-01   5.4020426e-01   5.8090819e-01  -6.3432278e-01  -9.9874173e-01  -5.9568664e-01  -1.5105841e-01   9.2426025e-01   8.9966830e-01   9.6433304e-01   8.1641670e-01   1.0000000e+00   4.0392822e-01  -7.3691164e-01  -9.6564168e-01  -8.9783875e-01
  -4.0955399e-01  -5.5140023e-01   9.7855651e-01   4.5095161e-01  -4.3315712e-01  -9.7307970e-01   8.4120413e-01   2.4664502e-02  -3.5898707e-02   1.4917674e-01  -1.9748855e-01   4.0392822e-01   1.0000000e+00   3.2017615e-01  -1.5356054e-01  -7.5265570e-01
  -9.9437733e-01  -9.6569749e-01   1.2013882e-01   9.8972016e-01   7.1512105e-01  -9.9987227e-02   7.7933278e-01  -9.3913865e-01  -9.5753711e-01  -8.8899220e-01  -9.8988878e-01  -7.3691164e-01   3.2017615e-01   1.0000000e+00   8.8543253e-01   3.7054935e-01
  -8.3854071e-01  -7.3967008e-01  -3.4978491e-01   8.1220733e-01   9.5500917e-01   3.6653742e-01   3.9905781e-01  -9.9046228e-01  -9.8182121e-01  -9.9826732e-01  -9.3830981e-01  -9.6564168e-01  -1.5356054e-01   8.8543253e-01   1.0000000e+00   7.5970429e-01
  -2.8567707e-01  -1.2859143e-01  -8.6435916e-01   2.3926608e-01   9.0636040e-01   8.6916943e-01  -2.9220449e-01  -6.6495882e-01  -6.2259593e-01  -7.5026563e-01  -4.9119479e-01  -8.9783875e-01  -7.5265570e-01   3.7054935e-01   7.5970429e-01   1.0000000e+00

